0:00:00.024	0.023577,0.012932,-9.847169,-0.000453,-0.000132,0.000300,30.443246,0.434585,-7.939452,
0:00:00.024	0.018771,0.008131,-9.847169,0.000213,0.000800,0.000166,29.004819,-0.864902,-7.741619,
0:00:00.225	0.023577,0.003329,-9.847169,-0.000320,0.000534,0.000300,30.603071,-1.607466,-9.324287,
0:00:00.446	0.018771,0.012932,-9.832865,-0.000586,0.001200,0.000699,30.603071,-1.978749,-9.719955,
0:00:00.562	0.023577,0.012932,-9.823328,0.000080,-0.000398,0.000965,29.644124,0.620226,-8.928621,
0:00:00.784	0.023577,0.003329,-9.809023,0.000080,0.000800,0.000166,29.803949,0.434585,-8.730786,
0:00:02.403	0.009158,0.003329,-9.847169,0.000479,-0.000265,0.000300,30.443246,-0.307979,-7.939452,
0:00:02.403	0.028384,0.008131,-9.842401,0.000080,-0.000265,0.000699,31.562023,0.248944,-10.115622,
0:00:02.403	0.033190,-0.001472,-9.847169,0.000213,-0.000132,-0.000233,30.123598,-2.906954,-8.335121,
0:00:02.403	0.028384,0.003329,-9.823328,0.000080,-0.000265,0.000433,29.963773,-1.607466,-8.928621,
0:00:02.403	0.013965,0.003329,-9.813792,0.000746,0.000001,0.000699,30.443246,0.805867,-6.752450,
0:00:02.403	0.033190,0.003329,-9.847169,0.000080,-0.000931,-0.000100,30.603071,0.991508,-8.532953,
0:00:02.403	0.018771,0.012932,-9.828096,0.001411,0.000001,0.000965,30.123598,-0.679261,-7.939452,
0:00:02.496	0.018771,-0.011074,-9.847169,-0.000186,0.000667,0.000965,29.324476,-0.864902,-8.137285,
0:00:02.717	0.028384,0.008131,-9.851938,-0.000320,0.000134,0.000033,30.922719,-0.864902,-8.137285,
0:00:02.937	0.018771,-0.001472,-9.823328,0.000346,-0.000531,-0.000233,29.963773,-3.092595,-7.345951,
0:00:03.158	0.033190,0.003329,-9.832865,-0.000186,0.000534,-0.000233,30.443246,-0.307979,-8.335121,
0:00:03.378	0.018771,0.022534,-9.847169,0.000479,0.000534,-0.000100,29.324476,-0.493620,-9.324287,
0:00:03.594	0.009158,0.008131,-9.785182,0.000346,0.000134,-0.000100,30.603071,0.248944,-8.137285,
0:00:03.804	0.023577,0.008131,-9.828096,0.000213,0.000800,0.000433,30.123598,-1.793107,-8.730786,
0:00:03.913	0.028384,0.008131,-9.837633,0.000346,0.000800,0.000033,29.963773,-0.122338,-6.950283,
0:00:04.134	0.028384,-0.006273,-9.832865,0.000213,-0.000531,0.000832,30.603071,-1.607466,-8.928621,
0:00:04.352	0.028384,0.003329,-9.823328,0.000213,0.000134,0.000832,29.484300,-0.679261,-8.335121,
0:00:04.571	0.018771,0.003329,-9.856706,0.000080,-0.000265,0.000300,29.324476,-0.493620,-6.554617,
0:00:04.790	0.033190,-0.011074,-9.823328,0.000346,0.000001,0.000699,30.283422,-1.607466,-8.137285,
0:00:05.016	0.013965,0.008131,-9.842401,0.000213,0.000534,0.000832,30.123598,-0.679261,-8.335121,
0:00:05.235	0.018771,-0.006273,-9.851938,-0.000186,0.000001,0.000433,30.123598,-0.679261,-7.939452,
0:00:05.462	0.028384,0.003329,-9.832865,0.000080,0.000401,0.000166,30.603071,-0.864902,-8.928621,
0:00:05.680	0.018771,-0.001472,-9.828096,0.000346,-0.000265,0.000433,29.484300,-0.679261,-9.126454,
0:00:05.788	0.028384,-0.011074,-9.832865,0.000879,-0.000398,0.000300,29.644124,-0.122338,-6.950283,
0:00:06.008	0.023577,0.003329,-9.837633,-0.000453,0.000268,0.000832,30.922719,-0.864902,-7.345951,
0:00:06.233	0.028384,-0.015876,-9.851938,0.000613,0.000534,0.000832,29.963773,-1.236184,-8.137285,
0:00:06.452	0.023577,0.017733,-9.851938,-0.000852,-0.000132,0.000566,31.242368,-0.493620,-7.345951,
0:00:06.663	0.018771,-0.001472,-9.832865,-0.000985,0.000134,0.000699,30.123598,0.063303,-8.730786,
0:00:06.882	0.023577,0.008131,-9.813792,0.000613,0.000001,0.000566,30.762895,-1.050543,-7.939452,
0:00:07.101	0.023577,-0.006273,-9.832865,-0.000186,0.000001,0.000166,29.963773,-2.350030,-7.345951,
0:00:07.327	0.013965,0.008131,-9.799488,-0.000453,-0.000265,0.000566,31.082544,-1.421825,-8.730786,
0:00:07.546	0.028384,0.008131,-9.823328,0.000213,-0.000265,-0.000233,30.603071,-1.978749,-7.741619,
0:00:07.765	0.033190,-0.001472,-9.847169,0.000213,-0.000531,-0.000100,29.164644,-0.307979,-7.939452,
0:00:07.975	0.023577,-0.001472,-9.832865,0.000613,-0.000132,0.000566,28.685171,0.991508,-8.928621,
0:00:08.193	0.023577,-0.001472,-9.847169,0.000479,0.000001,0.000166,29.484300,0.805867,-6.752450,
0:00:08.300	0.023577,-0.001472,-9.828096,-0.000186,0.000001,0.000699,28.844995,0.434585,-8.730786,
0:00:08.530	0.023577,0.008131,-9.823328,-0.000453,0.000800,0.000033,29.803949,-1.421825,-10.313455,
0:00:08.749	0.023577,0.003329,-9.828096,0.000213,-0.000265,0.000166,29.324476,-1.236184,-8.137285,
0:00:08.967	0.023577,0.008131,-9.837633,0.000479,0.000001,-0.000233,30.443246,-0.679261,-8.335121,
0:00:09.183	0.018771,-0.011074,-9.837633,-0.000586,0.000134,-0.000100,29.004819,-1.607466,-8.532953,
0:00:09.405	0.033190,-0.001472,-9.832865,-0.000320,0.000134,-0.000100,29.803949,1.177149,-8.730786,
0:00:09.624	0.033190,-0.001472,-9.828096,-0.000586,0.000800,0.000433,30.922719,-0.493620,-8.928621,
0:00:09.839	0.013965,-0.011074,-9.837633,-0.000186,0.000134,-0.000233,29.644124,-0.493620,-7.741619,
0:00:10.057	0.023577,-0.001472,-9.837633,0.000346,0.000268,0.000300,29.004819,-0.864902,-8.532953,
0:00:10.276	0.028384,-0.011074,-9.837633,0.000080,0.000933,0.000566,30.443246,-1.421825,-7.543784,
0:00:10.500	0.018771,0.008131,-9.851938,0.000479,-0.000398,0.000699,30.922719,-0.864902,-9.324287,
0:00:10.610	0.013965,-0.001472,-9.828096,0.000213,0.000534,0.000699,29.484300,-0.679261,-8.335121,
0:00:10.818	0.018771,-0.001472,-9.828096,0.000746,0.000800,0.000965,30.443246,-1.050543,-8.335121,
0:00:11.040	0.033190,0.012932,-9.842401,-0.000453,0.000667,0.000965,31.242368,-1.607466,-8.928621,
0:00:11.259	0.013965,-0.015876,-9.837633,-0.000053,0.000268,0.000433,30.283422,0.248944,-8.928621,
0:00:11.478	0.018771,0.003329,-9.847169,0.000879,0.000667,0.000832,29.644124,-0.122338,-8.928621,
0:00:11.701	0.018771,0.008131,-9.861474,0.000879,-0.000931,0.000033,30.283422,-0.493620,-6.950283,
0:00:11.920	0.009158,-0.001472,-9.809023,0.001411,0.000401,0.001099,30.443246,-0.307979,-9.126454,
0:00:12.130	0.028384,-0.006273,-9.828096,0.000613,0.000001,-0.000499,28.844995,-0.679261,-7.939452,
0:00:12.364	0.028384,0.022534,-9.866242,0.000479,0.000134,0.000166,30.762895,-1.050543,-8.730786,
0:00:12.583	0.028384,-0.011074,-9.818560,0.000479,-0.000132,0.000300,29.644124,-0.864902,-8.137285,
0:00:12.695	0.018771,-0.001472,-9.823328,0.000213,-0.001197,0.000433,30.762895,-1.421825,-7.148118,
0:00:12.916	0.018771,0.003329,-9.832865,-0.000186,0.001200,0.000166,31.082544,-0.307979,-9.522122,
0:00:13.135	0.033190,0.012932,-9.823328,0.000879,0.000268,0.000166,30.123598,-0.307979,-7.939452,
0:00:13.361	0.018771,0.012932,-9.828096,0.001411,-0.000531,0.000166,29.324476,-0.864902,-8.532953,
0:00:13.580	0.009158,-0.006273,-9.847169,0.000213,0.000134,-0.000366,30.762895,-1.050543,-7.543784,
0:00:13.798	0.037996,0.008131,-9.837633,0.000613,0.000401,0.000699,30.123598,-2.535671,-7.148118,
0:00:14.009	0.023577,0.003329,-9.842401,0.000879,-0.000132,0.000699,31.402198,-1.793107,-8.730786,
0:00:14.227	0.013965,-0.001472,-9.828096,-0.000053,0.000001,0.000166,29.324476,-0.493620,-8.532953,
0:00:14.448	0.033190,-0.006273,-9.837633,0.000479,0.000534,-0.000366,30.762895,-2.164389,-9.126454,
0:00:14.671	0.013965,0.012932,-9.828096,-0.000186,0.000800,-0.000499,30.283422,-1.607466,-6.950283,
0:00:14.890	0.028384,-0.006273,-9.842401,0.000080,-0.000132,0.000300,29.004819,-0.122338,-8.532953,
0:00:14.997	0.018771,0.003329,-9.828096,-0.000053,0.000401,0.000033,30.443246,-1.050543,-9.126454,
0:00:15.208	0.028384,-0.001472,-9.823328,0.000213,0.000401,-0.000366,30.123598,-1.050543,-8.335121,
0:00:15.426	0.028384,-0.001472,-9.856706,0.000746,0.000534,-0.000366,29.963773,-0.122338,-8.137285,
0:00:15.646	0.013965,-0.001472,-9.837633,0.000746,0.000134,-0.000899,30.123598,-1.050543,-9.126454,
0:00:15.869	0.028384,0.003329,-9.847169,0.000479,0.000134,-0.000100,29.803949,-1.050543,-7.543784,
0:00:16.091	0.033190,-0.001472,-9.842401,0.000080,0.000134,0.000166,30.123598,-1.050543,-8.335121,
0:00:16.313	0.028384,0.003329,-9.837633,0.000346,0.000534,0.000566,30.603071,-0.864902,-8.137285,
0:00:16.532	0.018771,-0.006273,-9.842401,-0.000053,-0.000132,0.000699,30.123598,-1.421825,-6.752450,
0:00:16.750	0.028384,-0.006273,-9.813792,-0.000320,0.000134,0.000300,29.004819,-0.122338,-6.554617,
0:00:16.963	0.009158,0.012932,-9.809023,0.000479,0.000667,0.000566,29.963773,-1.607466,-8.532953,
0:00:17.179	0.018771,0.003329,-9.818560,0.000746,0.000534,0.000433,30.603071,0.248944,-8.928621,
0:00:17.397	0.033190,-0.006273,-9.851938,0.000879,0.000800,-0.000366,29.963773,-1.607466,-7.345951,
0:00:17.512	0.023577,0.003329,-9.856706,0.000879,0.000134,0.000433,29.963773,-0.122338,-9.324287,
0:00:17.733	0.004352,-0.011074,-9.828096,0.000879,-0.000132,0.000033,29.963773,-1.236184,-6.950283,
0:00:17.952	0.018771,-0.001472,-9.847169,0.000746,0.000534,0.000699,30.443246,-0.679261,-8.335121,
0:00:18.161	0.004352,-0.006273,-9.847169,0.000746,-0.000531,-0.000366,29.644124,-0.493620,-7.741619,
0:00:18.380	0.013965,0.012932,-9.828096,-0.000053,0.000001,0.000300,29.963773,-0.493620,-8.137285,
0:00:18.598	0.009158,0.003329,-9.818560,0.000746,0.000401,0.000033,30.603071,-1.607466,-9.324287,
0:00:18.824	0.018771,0.008131,-9.847169,-0.000053,0.000001,-0.000366,29.644124,0.248944,-7.741619,
0:00:19.043	0.013965,-0.001472,-9.823328,0.000746,0.000667,-0.001298,30.603071,-0.864902,-6.950283,
0:00:19.261	0.018771,-0.001472,-9.823328,0.000080,0.000401,0.000300,30.123598,-1.050543,-8.730786,
0:00:19.486	0.033190,0.003329,-9.842401,-0.000320,-0.000132,0.000300,30.283422,-0.864902,-8.137285,
0:00:19.705	0.018771,0.008131,-9.842401,0.000879,0.000401,-0.000499,29.803949,-1.793107,-8.335121,
0:00:19.813	0.033190,0.012932,-9.809023,0.000346,0.000001,0.000433,31.242368,0.248944,-9.324287,
0:00:20.023	0.023577,-0.006273,-9.856706,0.000613,-0.000132,0.000433,29.644124,-0.864902,-8.928621,
0:00:20.242	0.028384,0.003329,-9.828096,0.000213,0.000001,0.000300,29.803949,-2.164389,-9.126454,
0:00:20.461	0.023577,-0.011074,-9.818560,0.000213,-0.000132,0.000566,30.443246,0.434585,-7.939452,
0:00:20.685	0.033190,0.003329,-9.828096,0.001012,-0.000664,-0.000233,28.844995,-1.793107,-6.752450,
0:00:20.904	0.018771,0.003329,-9.828096,0.000479,0.000134,0.000166,30.443246,-0.307979,-7.543784,
0:00:21.113	0.013965,0.003329,-9.823328,0.000346,0.000268,0.000300,30.922719,-1.607466,-6.950283,
0:00:21.332	0.023577,0.012932,-9.856706,0.000080,0.000401,-0.001032,30.762895,-0.307979,-7.939452,
0:00:21.566	0.018771,0.017733,-9.823328,0.000879,0.000134,0.001099,29.963773,-1.607466,-8.532953,
0:00:21.696	0.013965,0.003329,-9.842401,-0.000053,0.000800,0.000033,30.762895,0.063303,-7.148118,
0:00:21.917	0.013965,-0.006273,-9.851938,0.000479,-0.000265,0.000033,29.803949,-1.421825,-8.335121,
0:00:22.135	0.018771,-0.006273,-9.818560,0.000346,0.000667,0.000832,29.963773,-1.607466,-7.741619,
0:00:22.362	0.018771,-0.001472,-9.823328,0.000080,-0.000265,-0.000766,30.762895,-0.679261,-8.335121,
0:00:22.581	0.018771,-0.001472,-9.851938,-0.000586,0.000800,0.000965,29.644124,-0.493620,-8.928621,
0:00:22.798	0.018771,-0.015876,-9.813792,0.000346,0.000933,0.000300,29.644124,0.991508,-7.741619,
0:00:23.008	0.028384,-0.001472,-9.866242,0.000746,0.000001,0.000033,30.762895,0.063303,-8.730786,
0:00:23.226	0.023577,-0.011074,-9.851938,-0.000186,0.000134,0.000433,30.922719,-1.607466,-8.137285,
0:00:23.445	0.037996,-0.001472,-9.823328,-0.000586,-0.000531,-0.000366,29.164644,0.434585,-7.939452,
0:00:23.670	0.013965,-0.001472,-9.842401,0.000080,-0.000265,0.000699,29.004819,-0.493620,-8.137285,
0:00:23.888	0.018771,-0.006273,-9.832865,0.000213,0.000001,0.000166,30.922719,-1.236184,-8.928621,
0:00:23.996	0.018771,-0.025478,-9.832865,0.001012,-0.000132,0.000433,29.324476,-0.864902,-9.324287,
0:00:24.217	0.023577,0.012932,-9.837633,0.001012,-0.000132,-0.000633,29.803949,-1.421825,-7.148118,
0:00:24.435	0.013965,0.008131,-9.823328,-0.000852,0.000667,-0.000899,30.283422,-1.236184,-9.719955,
0:00:24.654	0.018771,-0.006273,-9.828096,0.001145,0.000401,-0.000233,30.283422,-0.493620,-9.719955,
0:00:24.865	0.023577,0.008131,-9.842401,0.000346,0.000401,0.000566,31.402198,-1.793107,-9.522122,
0:00:25.084	0.018771,0.012932,-9.832865,0.000213,0.000933,0.001232,30.922719,-1.978749,-8.928621,
0:00:25.311	0.023577,-0.006273,-9.828096,-0.000320,-0.000398,0.001365,30.922719,-1.236184,-9.324287,
0:00:25.530	0.013965,0.008131,-9.823328,0.000213,0.000534,0.000832,29.484300,-1.050543,-7.939452,
0:00:25.749	0.037996,0.003329,-9.847169,-0.000053,0.000134,0.000300,31.082544,-1.050543,-8.730786,
0:00:25.960	0.013965,0.008131,-9.856706,0.000613,-0.000265,-0.000100,30.123598,-1.793107,-7.939452,
0:00:26.179	0.028384,-0.001472,-9.813792,0.000479,0.000134,0.000300,29.803949,0.063303,-9.917787,
0:00:26.398	0.009158,-0.001472,-9.828096,-0.000320,-0.000531,0.001898,30.443246,-0.679261,-7.543784,
0:00:26.512	0.033190,0.003329,-9.818560,0.000479,-0.000132,0.000965,30.762895,-2.535671,-7.939452,
0:00:26.732	0.023577,0.022534,-9.813792,0.000879,0.000534,0.000699,29.164644,-1.050543,-8.335121,
0:00:26.951	0.033190,-0.011074,-9.818560,-0.000186,0.000667,-0.000100,29.963773,-0.864902,-6.950283,
0:00:27.161	0.033190,0.003329,-9.856706,0.000479,-0.000132,-0.000766,29.484300,-0.307979,-5.961117,
0:00:27.380	0.028384,-0.015876,-9.832865,0.000346,0.000134,-0.000366,29.963773,-0.122338,-7.345951,
0:00:27.598	0.023577,0.003329,-9.837633,0.001145,0.000667,0.000166,30.762895,-1.421825,-9.917787,
0:00:27.824	0.028384,0.003329,-9.828096,0.000613,0.000800,0.000699,29.963773,-0.493620,-9.324287,
0:00:28.043	0.028384,-0.006273,-9.837633,0.000346,-0.000398,0.001365,30.443246,-1.793107,-7.939452,
0:00:28.262	0.023577,-0.001472,-9.823328,0.000346,0.000134,0.000300,29.324476,-0.864902,-7.345951,
0:00:28.487	0.033190,0.008131,-9.856706,0.000479,-0.000265,0.000033,29.803949,0.805867,-8.335121,
0:00:28.704	0.023577,-0.011074,-9.809023,0.000346,-0.000398,-0.000100,29.644124,-1.236184,-8.532953,
0:00:28.813	0.018771,-0.001472,-9.832865,0.000479,0.000001,-0.001032,29.004819,-1.607466,-7.741619,
0:00:29.028	0.018771,-0.001472,-9.842401,0.000213,0.000134,-0.000633,32.041496,-0.307979,-8.335121,
0:00:29.247	0.009158,0.008131,-9.818560,0.001145,0.000134,0.000699,28.685171,-0.493620,-9.324287,
0:00:29.465	0.009158,0.012932,-9.823328,0.000879,0.000268,0.000433,30.762895,-0.679261,-9.126454,
0:00:29.690	0.023577,-0.006273,-9.847169,0.000213,-0.000265,0.000300,30.922719,-0.122338,-9.324287,
0:00:29.909	0.013965,-0.001472,-9.832865,0.000613,0.000268,0.000433,29.324476,-0.122338,-9.324287,
0:00:30.126	0.028384,-0.011074,-9.818560,-0.000320,0.000134,0.000433,30.123598,-1.421825,-9.126454,
0:00:30.338	0.013965,0.008131,-9.837633,-0.000320,-0.000265,0.000166,30.123598,-0.679261,-7.939452,
0:00:30.556	0.028384,-0.015876,-9.823328,0.000346,-0.000132,0.000433,29.644124,-1.978749,-9.324287,
0:00:30.780	0.018771,-0.011074,-9.828096,0.000080,0.000134,-0.000100,30.603071,-1.236184,-7.741619,
0:00:31.000	0.013965,-0.006273,-9.837633,-0.000320,-0.000531,0.000033,30.603071,-1.236184,-9.719955,
0:00:31.216	0.013965,0.008131,-9.823328,-0.000186,0.000401,0.000166,31.562023,-1.236184,-7.741619,
0:00:31.325	0.013965,-0.001472,-9.832865,0.000346,0.000268,0.000033,30.922719,-2.350030,-8.137285,
0:00:31.536	0.018771,-0.001472,-9.832865,0.000479,0.000534,-0.000100,31.082544,-1.793107,-6.356782,
0:00:31.757	0.009158,-0.001472,-9.851938,0.000080,-0.000265,-0.000633,29.963773,-1.607466,-8.532953,
0:00:31.981	0.028384,-0.011074,-9.851938,-0.000320,-0.001197,-0.000233,29.644124,-0.864902,-8.532953,
0:00:32.200	0.037996,0.008131,-9.842401,-0.000453,0.000800,0.000033,30.443246,0.434585,-7.543784,
0:00:32.419	0.009158,-0.001472,-9.794719,0.000213,0.000134,0.000033,30.443246,0.434585,-8.335121,
0:00:32.647	0.023577,-0.006273,-9.828096,-0.000453,0.000268,-0.000366,30.123598,-0.307979,-7.543784,
0:00:32.863	0.033190,-0.001472,-9.842401,0.000346,-0.000531,-0.000633,30.283422,-0.122338,-8.532953,
0:00:33.082	0.018771,-0.006273,-9.837633,-0.000453,0.000134,-0.000499,30.123598,-1.050543,-7.148118,
0:00:33.290	0.033190,0.008131,-9.828096,-0.000186,0.000800,-0.000366,30.603071,-0.864902,-8.532953,
0:00:33.508	0.033190,0.017733,-9.837633,0.000080,0.000401,0.000965,29.963773,-1.978749,-8.532953,
0:00:33.727	0.023577,0.017733,-9.818560,0.000346,-0.000531,0.000300,29.963773,-1.607466,-8.532953,
0:00:33.842	0.018771,-0.011074,-9.832865,-0.000586,-0.000398,-0.000233,30.123598,-1.050543,-7.543784,
0:00:34.155	0.023577,0.003329,-9.837633,0.000080,-0.000132,-0.000100,30.443246,-0.679261,-7.148118,
0:00:34.264	0.028384,0.003329,-9.818560,-0.000453,-0.000931,-0.000499,30.123598,0.063303,-8.730786,
0:00:34.476	0.028384,-0.001472,-9.832865,0.000479,0.000268,-0.000366,29.324476,-0.122338,-8.928621,
0:00:34.695	0.018771,-0.001472,-9.828096,-0.000186,-0.000531,-0.000100,29.644124,0.991508,-7.345951,
0:00:34.913	0.009158,0.017733,-9.847169,-0.000320,0.000268,0.000033,29.963773,-0.122338,-8.532953,
0:00:35.129	0.013965,-0.001472,-9.837633,-0.000320,-0.000265,-0.000233,29.484300,-0.679261,-6.752450,
0:00:35.349	0.013965,0.012932,-9.837633,-0.000186,0.000401,0.000965,31.082544,-1.421825,-8.730786,
0:00:35.579	0.042803,-0.001472,-9.851938,0.000613,-0.000531,0.000166,30.922719,-1.978749,-8.532953,
0:00:35.798	0.013965,0.012932,-9.828096,0.000080,0.000401,-0.000233,29.963773,0.248944,-8.928621,
0:00:36.017	0.028384,0.017733,-9.837633,0.000479,-0.000132,-0.000899,29.644124,-1.607466,-8.137285,
0:00:36.229	0.004352,-0.001472,-9.851938,0.000346,0.000667,-0.000233,30.603071,-0.493620,-6.554617,
0:00:36.448	0.013965,0.003329,-9.823328,0.000746,0.000134,-0.000366,30.603071,-1.978749,-8.928621,
0:00:36.555	0.028384,-0.001472,-9.832865,0.001145,0.000001,0.001099,29.963773,-1.607466,-9.719955,
0:00:36.782	0.013965,0.008131,-9.861474,-0.000586,-0.000398,-0.000366,30.762895,1.177149,-8.730786,
0:00:37.004	0.013965,0.008131,-9.818560,0.001145,-0.000664,-0.000233,29.963773,0.248944,-8.137285,
0:00:37.222	0.028384,-0.001472,-9.851938,-0.000053,0.000534,0.000166,30.443246,-1.421825,-8.730786,
0:00:37.428	0.023577,-0.001472,-9.861474,0.001145,0.000134,-0.000366,30.443246,-0.307979,-8.335121,
0:00:37.647	0.028384,-0.001472,-9.832865,0.000213,-0.000398,0.000566,30.603071,-1.236184,-7.741619,
0:00:37.865	0.018771,0.003329,-9.847169,0.000479,-0.000132,0.001099,31.402198,-0.679261,-8.730786,
0:00:38.090	0.013965,0.008131,-9.851938,0.000080,0.000001,0.000699,31.082544,-0.307979,-8.730786,
0:00:38.309	0.028384,-0.001472,-9.832865,-0.000053,0.000667,-0.000499,30.123598,-0.307979,-7.543784,
0:00:38.533	0.018771,0.008131,-9.837633,0.000746,-0.000664,-0.000499,29.803949,-0.307979,-7.939452,
0:00:38.751	0.018771,-0.011074,-9.847169,0.001145,-0.000132,0.000699,29.324476,-0.493620,-9.324287,
0:00:38.963	0.033190,0.003329,-9.828096,-0.000053,0.000134,0.000433,30.603071,-1.607466,-9.324287,
0:00:39.077	0.033190,0.003329,-9.837633,0.000479,0.000534,0.000300,29.963773,-2.350030,-8.928621,
0:00:39.296	0.023577,-0.015876,-9.842401,0.000879,0.000268,0.000166,29.963773,-1.978749,-8.928621,
0:00:39.511	0.018771,0.003329,-9.813792,0.000613,0.000134,0.000300,29.324476,-1.236184,-8.532953,
0:00:39.729	0.037996,0.008131,-9.823328,0.000479,0.000401,0.000300,29.484300,-1.050543,-7.939452,
0:00:39.953	0.023577,0.003329,-9.851938,0.000213,0.000134,0.000300,30.603071,-1.236184,-8.137285,
0:00:40.172	0.018771,0.008131,-9.847169,0.000213,0.000534,-0.000100,30.283422,-0.493620,-8.928621,
0:00:40.390	0.033190,-0.001472,-9.842401,0.000213,-0.000531,-0.000233,30.762895,-1.421825,-8.730786,
0:00:40.609	0.023577,-0.011074,-9.832865,0.001411,0.000134,-0.000100,29.004819,-0.493620,-8.137285,
0:00:40.828	0.018771,0.003329,-9.832865,0.000346,0.000667,-0.000366,29.644124,-0.122338,-7.345951,
0:00:41.039	0.023577,0.003329,-9.842401,-0.000320,-0.000265,0.000566,32.201320,-1.607466,-7.741619,
0:00:41.257	0.013965,0.003329,-9.832865,-0.000186,-0.000531,-0.001431,30.603071,-0.864902,-7.741619,
0:00:41.365	0.023577,-0.001472,-9.837633,0.000346,0.000134,0.000699,29.644124,-1.978749,-8.928621,
0:00:41.594	0.023577,-0.001472,-9.851938,0.000746,-0.000531,-0.001032,30.283422,0.620226,-8.532953,
0:00:41.812	0.018771,-0.011074,-9.847169,0.000213,0.000401,-0.000766,29.164644,-1.050543,-9.126454,
0:00:42.030	0.018771,0.008131,-9.832865,0.001012,-0.000931,0.000033,31.721847,0.063303,-7.543784,
0:00:42.242	0.018771,0.017733,-9.842401,0.000746,0.000401,0.000166,30.283422,-1.236184,-9.719955,
0:00:42.464	0.028384,-0.001472,-9.856706,0.000346,-0.000132,-0.000366,29.963773,-1.607466,-9.324287,
0:00:42.682	0.018771,0.012932,-9.847169,0.000479,-0.000265,0.000433,30.603071,-1.607466,-8.137285,
0:00:42.905	0.028384,0.008131,-9.828096,0.000479,0.000001,0.000433,28.205698,-1.421825,-8.335121,
0:00:43.124	0.018771,0.008131,-9.861474,0.000346,0.000667,0.000033,29.484300,-0.307979,-9.126454,
0:00:43.343	0.028384,-0.001472,-9.832865,0.000346,0.000268,0.000433,31.402198,-0.679261,-8.335121,
0:00:43.554	0.013965,0.008131,-9.828096,0.000080,-0.000265,0.000166,29.803949,-0.307979,-7.543784,
0:00:43.775	0.033190,-0.001472,-9.832865,-0.000719,-0.000132,0.000433,30.603071,-0.122338,-8.928621,
0:00:43.880	0.018771,-0.001472,-9.866242,0.000080,0.000134,0.000033,31.721847,-1.421825,-8.730786,
0:00:44.108	0.018771,0.003329,-9.823328,-0.000453,0.000534,0.000033,30.603071,-0.493620,-7.345951,
0:00:44.327	0.028384,0.008131,-9.847169,0.001012,-0.000132,-0.000100,29.324476,-0.122338,-8.532953,
0:00:44.546	0.037996,-0.001472,-9.823328,0.000613,0.000268,-0.000766,29.803949,0.063303,-8.730786,
0:00:44.757	0.028384,-0.006273,-9.813792,-0.000186,-0.000531,0.000166,29.963773,-0.864902,-7.741619,
0:00:44.976	0.023577,-0.011074,-9.823328,0.001278,0.000134,-0.000233,30.283422,0.248944,-7.741619,
0:00:45.202	0.023577,-0.001472,-9.823328,0.001411,-0.000664,0.000433,30.283422,-0.122338,-8.532953,
0:00:45.420	0.018771,-0.011074,-9.823328,0.001278,0.000001,-0.000233,29.803949,-1.421825,-9.522122,
0:00:45.639	0.028384,-0.006273,-9.866242,-0.000586,0.000001,-0.000366,30.443246,-1.793107,-8.335121,
0:00:45.850	0.023577,0.003329,-9.856706,0.001545,-0.000132,0.000300,30.443246,-0.307979,-7.939452,
0:00:46.069	0.013965,-0.006273,-9.823328,0.000613,-0.000664,0.000433,30.922719,-1.236184,-7.345951,
0:00:46.285	0.023577,0.003329,-9.828096,0.000346,0.000534,0.000566,30.762895,-0.679261,-8.335121,
0:00:46.402	0.013965,0.003329,-9.866242,-0.000719,0.000134,-0.000233,29.803949,-0.679261,-7.148118,
0:00:46.622	0.018771,0.003329,-9.828096,-0.000053,0.000401,0.000433,30.762895,-1.050543,-9.917787,
0:00:46.841	0.033190,-0.011074,-9.847169,-0.000320,-0.000265,0.000033,30.922719,-0.493620,-8.928621,
0:00:47.067	0.028384,-0.001472,-9.847169,-0.000719,0.000268,0.001099,29.644124,0.248944,-8.532953,
0:00:47.285	0.028384,-0.006273,-9.847169,-0.000453,-0.000398,0.000033,30.443246,-0.679261,-8.335121,
0:00:47.507	0.033190,-0.006273,-9.837633,-0.000586,0.001200,-0.000366,29.963773,-0.493620,-8.928621,
0:00:47.731	0.028384,-0.006273,-9.809023,-0.000053,-0.000265,-0.000366,29.324476,-1.236184,-7.345951,
0:00:47.950	0.018771,-0.006273,-9.818560,0.000746,0.000534,0.000965,30.603071,-0.864902,-8.137285,
0:00:48.174	0.018771,-0.001472,-9.851938,0.000479,-0.000664,0.000033,30.283422,-0.864902,-7.741619,
0:00:48.283	0.028384,0.017733,-9.837633,0.000746,-0.000132,0.000033,30.603071,-1.236184,-8.137285,
0:00:48.504	0.028384,-0.006273,-9.823328,0.000080,-0.000265,0.000300,30.283422,-1.236184,-9.324287,
0:00:48.723	0.028384,0.003329,-9.832865,0.000213,-0.000265,0.000433,29.803949,-0.679261,-8.730786,
0:00:48.932	0.023577,-0.011074,-9.847169,0.001012,-0.000132,0.000300,29.644124,-1.607466,-6.950283,
0:00:49.151	0.018771,0.012932,-9.837633,-0.000186,0.000401,-0.000233,30.123598,0.063303,-9.522122,
0:00:49.377	0.009158,-0.011074,-9.828096,0.000879,0.000268,0.000300,30.283422,-1.607466,-7.741619,
0:00:49.595	0.037996,-0.020677,-9.823328,-0.000719,0.000268,0.000566,30.922719,-0.122338,-7.741619,
0:00:49.815	0.023577,0.008131,-9.837633,0.001012,-0.000265,-0.000633,28.685171,-0.493620,-8.532953,
0:00:50.025	0.023577,0.003329,-9.832865,-0.000053,0.001067,0.000166,29.164644,0.434585,-9.126454,
0:00:50.244	0.023577,-0.015876,-9.828096,0.000346,0.000001,0.001232,29.164644,-1.050543,-9.917787,
0:00:50.462	0.028384,-0.006273,-9.832865,0.000213,-0.000531,0.000832,30.443246,-0.679261,-8.335121,
0:00:50.577	0.028384,0.008131,-9.842401,0.000080,0.000268,-0.000100,31.721847,0.805867,-7.939452,
0:00:50.798	0.018771,-0.001472,-9.832865,-0.000719,0.000534,0.000832,30.283422,-0.493620,-8.532953,
0:00:51.016	0.018771,0.003329,-9.818560,0.000080,0.000268,-0.000766,30.922719,-1.236184,-8.137285,
0:00:51.226	0.013965,0.017733,-9.828096,0.000613,0.000268,0.000166,29.484300,-0.307979,-8.335121,
0:00:51.445	0.023577,-0.001472,-9.832865,-0.000186,0.000268,0.000166,31.082544,-0.307979,-7.939452,
0:00:51.663	0.009158,0.008131,-9.818560,0.000746,-0.000664,-0.000366,29.484300,-0.679261,-8.730786,
0:00:51.891	0.023577,0.008131,-9.837633,0.000479,-0.000132,0.000433,30.922719,-1.607466,-7.741619,
0:00:52.110	0.033190,0.008131,-9.847169,-0.000453,-0.000931,-0.000366,29.484300,-1.050543,-9.126454,
0:00:52.328	0.018771,0.003329,-9.851938,-0.000053,0.000134,0.000699,30.443246,-1.421825,-7.543784,
0:00:52.539	0.028384,-0.001472,-9.837633,-0.000453,-0.000531,0.000566,30.123598,-1.050543,-7.543784,
0:00:52.760	0.028384,0.008131,-9.832865,0.000613,0.000534,0.000566,29.644124,-0.493620,-8.137285,
0:00:52.983	0.018771,0.008131,-9.823328,-0.000053,0.000268,0.000433,30.283422,-1.978749,-8.137285,
0:00:53.091	0.028384,0.003329,-9.823328,-0.000186,0.000401,-0.001165,29.004819,0.620226,-9.324287,
0:00:53.311	0.013965,-0.001472,-9.804255,0.000879,0.000268,0.000965,31.082544,0.063303,-9.522122,
0:00:53.530	0.009158,-0.006273,-9.837633,0.000613,-0.000265,-0.000100,29.004819,-0.864902,-9.324287,
0:00:53.739	0.028384,-0.015876,-9.828096,0.000346,0.000401,-0.000233,29.803949,-0.679261,-8.730786,
0:00:53.958	0.023577,-0.006273,-9.847169,0.000080,-0.000132,-0.000100,29.644124,-1.236184,-8.137285,
0:00:54.186	0.033190,-0.001472,-9.851938,0.000346,-0.000398,0.000033,30.603071,-2.721313,-8.137285,
0:00:54.405	-0.005261,0.003329,-9.832865,-0.000053,0.000667,-0.000100,29.963773,-1.236184,-8.532953,
0:00:54.622	0.013965,-0.001472,-9.818560,-0.000053,0.000268,-0.001165,30.603071,-1.236184,-8.928621,
0:00:54.833	0.023577,0.008131,-9.856706,-0.000586,0.000001,0.000699,30.762895,0.063303,-8.335121,
0:00:55.052	0.023577,0.012932,-9.813792,-0.000320,0.000268,-0.000633,30.443246,-0.679261,-8.335121,
0:00:55.271	0.018771,-0.011074,-9.804255,0.001411,0.000001,0.000300,30.283422,-0.122338,-7.741619,
0:00:55.490	0.013965,0.012932,-9.847169,0.000213,-0.000265,-0.000499,30.123598,-0.679261,-7.939452,
0:00:55.599	0.013965,-0.006273,-9.842401,0.000479,-0.000398,-0.001032,29.963773,-0.493620,-7.345951,
0:00:55.818	0.028384,-0.001472,-9.847169,0.000479,-0.000132,-0.000766,30.922719,-1.236184,-6.950283,
0:00:56.036	0.037996,-0.015876,-9.837633,-0.000053,0.000933,0.001365,29.164644,-0.679261,-6.752450,
0:00:56.255	0.018771,-0.011074,-9.813792,0.000346,0.000534,-0.000366,29.004819,-1.236184,-8.928621,
0:00:56.474	0.028384,-0.001472,-9.832865,0.000080,0.000268,-0.000366,30.283422,-1.236184,-9.719955,
0:00:56.693	0.028384,0.008131,-9.837633,-0.000453,0.000134,-0.000499,30.283422,0.248944,-9.324287,
0:00:56.912	0.018771,-0.001472,-9.813792,-0.000053,0.000933,0.000832,28.205698,-1.421825,-8.730786,
0:00:57.130	0.023577,-0.001472,-9.832865,0.000613,0.000134,-0.000499,30.603071,0.620226,-8.137285,
0:00:57.359	0.018771,0.003329,-9.828096,-0.000053,0.000534,-0.000899,30.922719,0.248944,-6.950283,
0:00:57.578	0.013965,-0.006273,-9.804255,-0.000320,0.000134,0.000166,29.324476,-1.236184,-9.324287,
0:00:57.795	0.023577,-0.011074,-9.818560,0.000879,-0.000265,0.000566,30.443246,-0.679261,-8.335121,
0:00:58.008	0.013965,0.003329,-9.842401,0.000613,0.000268,-0.000233,30.283422,0.248944,-8.137285,
0:00:58.117	0.013965,0.008131,-9.837633,-0.000053,0.000134,-0.000100,29.963773,-0.122338,-8.137285,
0:00:58.338	0.023577,0.003329,-9.842401,0.000213,-0.000531,0.000166,29.644124,-1.236184,-9.324287,
0:00:58.559	0.033190,-0.006273,-9.851938,0.000479,-0.000265,0.000033,29.644124,0.991508,-7.741619,
0:00:58.778	0.018771,-0.001472,-9.828096,-0.000320,0.000401,-0.000633,30.123598,0.063303,-8.730786,
0:00:58.997	0.013965,0.003329,-9.856706,0.000080,-0.000664,0.000166,28.844995,-1.050543,-8.730786,
0:00:59.220	0.013965,0.003329,-9.828096,-0.000320,0.000800,0.000166,31.242368,-1.236184,-6.950283,
0:00:59.440	0.028384,-0.001472,-9.837633,0.000080,0.000134,-0.000233,29.963773,-1.978749,-7.741619,
0:00:59.659	0.023577,0.012932,-9.828096,0.000346,0.000134,0.000832,30.922719,0.248944,-6.950283,
0:00:59.877	0.028384,-0.001472,-9.861474,-0.000053,-0.000265,0.000832,29.324476,-0.493620,-8.532953,
0:01:00.096	0.028384,-0.020677,-9.847169,-0.000186,0.000001,-0.000366,29.164644,-0.679261,-7.741619,
0:01:00.204	0.023577,0.003329,-9.804255,0.000213,-0.000132,0.000166,30.922719,-0.122338,-7.741619,
0:01:00.417	0.018771,0.003329,-9.847169,-0.000320,0.000401,0.000566,29.803949,-1.421825,-8.730786,
0:01:00.637	0.033190,0.003329,-9.847169,-0.000586,0.000001,-0.000100,30.283422,-1.236184,-7.345951,
0:01:00.860	0.013965,0.008131,-9.837633,0.000746,-0.000798,-0.000100,30.443246,-1.421825,-9.522122,
0:01:01.079	0.037996,-0.006273,-9.856706,-0.000053,0.000800,-0.001032,30.283422,0.248944,-8.137285,
0:01:01.299	0.009158,0.008131,-9.832865,0.000613,0.000667,0.000033,31.402198,0.805867,-8.335121,
0:01:01.509	0.018771,-0.001472,-9.823328,0.000613,-0.000265,-0.001032,28.844995,-0.307979,-7.148118,
0:01:01.727	0.023577,-0.006273,-9.851938,0.000879,0.000534,-0.000766,29.484300,0.063303,-9.917787,
0:01:01.947	0.023577,-0.011074,-9.866242,-0.000453,0.000401,0.000699,30.123598,0.805867,-7.939452,
0:01:02.172	0.023577,0.003329,-9.851938,0.000879,-0.000132,-0.000366,30.283422,-1.607466,-6.158950,
0:01:02.391	0.023577,-0.006273,-9.813792,-0.000186,-0.000265,-0.000499,29.963773,0.248944,-8.137285,
0:01:02.607	0.013965,-0.011074,-9.823328,-0.000320,0.000401,0.000300,31.562023,-0.864902,-7.741619,
0:01:02.817	0.033190,0.003329,-9.828096,0.000213,-0.000798,0.000699,29.644124,-1.607466,-9.324287,
0:01:02.927	0.028384,-0.001472,-9.847169,0.001545,0.000134,-0.000366,30.762895,-0.679261,-7.148118,
0:01:03.148	0.028384,0.003329,-9.832865,0.000080,-0.000265,0.000300,30.603071,-0.122338,-8.928621,
0:01:03.374	0.028384,-0.001472,-9.861474,0.000613,0.000268,0.000300,30.603071,-1.236184,-8.137285,
0:01:03.592	0.023577,0.012932,-9.837633,-0.000852,0.000933,0.000300,30.603071,0.248944,-8.137285,
0:01:03.811	0.028384,-0.011074,-9.851938,0.000080,-0.000664,-0.000366,32.041496,-1.421825,-7.939452,
0:01:04.024	0.013965,-0.015876,-9.875779,0.000879,0.000268,0.001099,29.963773,-0.122338,-8.137285,
0:01:04.242	0.037996,-0.001472,-9.856706,0.000479,0.000933,-0.000100,30.123598,-2.164389,-7.543784,
0:01:04.460	0.033190,0.008131,-9.832865,0.000080,0.000001,-0.000233,30.922719,-0.493620,-7.345951,
0:01:04.687	0.033190,-0.001472,-9.818560,-0.000719,0.000001,0.000433,29.644124,-2.721313,-8.532953,
0:01:04.906	0.023577,0.003329,-9.832865,-0.000320,0.000401,-0.000766,30.603071,-0.864902,-8.532953,
0:01:05.013	0.009158,-0.006273,-9.842401,0.000213,0.000134,0.000566,29.644124,-0.864902,-8.532953,
0:01:05.226	0.037996,-0.001472,-9.832865,0.000879,-0.000531,0.000166,30.123598,0.805867,-8.730786,
0:01:05.442	0.023577,0.008131,-9.809023,-0.000053,0.000534,-0.000233,29.484300,-2.164389,-9.917787,
0:01:05.676	0.023577,-0.015876,-9.856706,0.000613,0.000134,-0.000499,30.762895,-1.050543,-8.335121,
0:01:05.885	0.028384,-0.006273,-9.837633,0.000479,-0.000531,0.000300,29.803949,0.434585,-8.335121,
0:01:06.104	0.018771,0.003329,-9.837633,-0.000053,0.000401,-0.000233,29.484300,-1.421825,-8.730786,
0:01:06.331	0.018771,0.003329,-9.847169,-0.000186,0.000134,-0.000233,29.963773,-0.864902,-8.532953,
0:01:06.550	0.033190,-0.001472,-9.856706,-0.000586,-0.000132,0.000433,30.443246,-0.679261,-7.939452,
0:01:06.768	0.018771,-0.006273,-9.847169,0.000080,0.000534,-0.000499,29.484300,0.063303,-8.335121,
0:01:06.976	0.033190,-0.001472,-9.851938,0.001678,-0.000531,-0.000233,31.082544,0.063303,-8.335121,
0:01:07.195	0.028384,-0.006273,-9.856706,0.000746,-0.000132,0.000033,30.443246,0.434585,-8.335121,
0:01:07.414	0.013965,0.003329,-9.828096,-0.000453,0.000001,0.000699,30.762895,0.063303,-8.730786,
0:01:07.527	0.013965,0.008131,-9.837633,-0.000320,0.000268,-0.000766,30.123598,1.177149,-8.730786,
0:01:07.748	0.028384,-0.020677,-9.818560,-0.000586,-0.000265,0.000566,29.484300,0.063303,-8.335121,
0:01:07.967	0.023577,0.008131,-9.813792,-0.000053,0.000534,0.000433,30.922719,0.620226,-7.345951,
0:01:08.177	0.009158,-0.006273,-9.856706,0.001145,0.000268,0.000433,29.963773,-1.236184,-8.137285,
0:01:08.396	0.018771,-0.001472,-9.818560,-0.000586,-0.000531,0.000566,29.484300,-0.679261,-7.148118,
0:01:08.618	0.013965,-0.001472,-9.832865,0.000746,-0.000265,-0.000100,29.963773,-0.122338,-7.741619,
0:01:08.840	0.023577,-0.006273,-9.837633,-0.000586,0.000001,0.000433,31.082544,-2.164389,-7.543784,
0:01:09.059	0.013965,-0.011074,-9.832865,-0.000852,-0.000398,-0.000899,30.762895,-1.793107,-7.543784,
0:01:09.276	0.023577,-0.011074,-9.832865,-0.000320,0.000401,0.001099,29.324476,-0.864902,-8.532953,
0:01:09.502	0.042803,0.003329,-9.842401,0.001012,0.000534,0.000033,29.963773,-0.864902,-7.741619,
0:01:09.721	0.018771,-0.006273,-9.832865,-0.000320,-0.000664,-0.000233,30.922719,-0.493620,-7.345951,
0:01:09.828	0.013965,-0.006273,-9.813792,0.001278,0.000800,-0.000366,29.484300,-0.679261,-7.939452,
0:01:10.038	-0.000454,-0.001472,-9.842401,0.000746,-0.000798,0.000300,29.963773,-0.122338,-7.741619,
0:01:10.257	0.023577,-0.001472,-9.861474,-0.000320,0.000001,-0.000633,31.242368,-1.978749,-8.137285,
0:01:10.476	0.009158,-0.001472,-9.818560,-0.000586,-0.000398,0.000033,30.762895,-0.307979,-8.335121,
0:01:10.703	0.023577,0.017733,-9.832865,0.000479,0.000401,0.000433,30.443246,-1.793107,-8.730786,
0:01:10.954	0.023577,-0.006273,-9.832865,0.000346,-0.000132,0.000166,29.963773,-1.978749,-8.928621,
0:01:11.160	0.033190,0.003329,-9.823328,0.000080,0.000667,0.000033,29.644124,-0.864902,-7.345951,
0:01:11.380	0.013965,0.003329,-9.823328,0.000346,0.000401,-0.000100,30.762895,0.063303,-9.126454,
0:01:11.598	0.013965,0.003329,-9.880547,-0.000719,0.000667,0.000300,29.484300,-2.535671,-7.543784,
0:01:11.713	0.009158,0.012932,-9.847169,0.000746,-0.000931,0.000166,29.484300,-1.421825,-7.543784,
0:01:11.934	0.013965,0.012932,-9.832865,0.000080,0.000268,-0.000499,30.123598,-1.050543,-7.939452,
0:01:12.153	0.018771,0.003329,-9.861474,-0.000186,0.000268,0.001232,29.484300,0.063303,-9.522122,
0:01:12.377	0.028384,-0.001472,-9.809023,0.000080,0.000268,0.000433,29.963773,-0.864902,-7.741619,
0:01:12.596	0.028384,0.008131,-9.832865,-0.000186,-0.000132,0.000965,30.603071,-1.607466,-8.532953,
0:01:12.815	0.033190,0.003329,-9.847169,0.000346,0.000401,-0.000633,29.484300,-0.307979,-7.939452,
0:01:13.024	0.028384,0.008131,-9.804255,-0.000186,0.000667,-0.000633,29.324476,-1.236184,-8.532953,
0:01:13.243	0.023577,0.012932,-9.813792,-0.000453,0.000134,0.000300,30.283422,-0.864902,-6.950283,
0:01:13.462	0.033190,0.012932,-9.832865,-0.000053,-0.000265,0.000166,28.844995,-2.164389,-8.335121,
0:01:13.686	0.018771,-0.001472,-9.804255,0.000346,-0.000398,0.000033,31.082544,-0.679261,-8.335121,
0:01:13.907	0.018771,-0.001472,-9.809023,0.000213,-0.001064,0.000166,29.803949,-1.050543,-7.543784,
0:01:14.015	0.037996,-0.001472,-9.823328,0.000080,-0.000531,0.000832,29.803949,-0.679261,-9.126454,
0:01:14.222	0.028384,0.008131,-9.847169,-0.000320,0.000401,-0.000766,30.283422,-0.864902,-9.324287,
0:01:14.442	0.037996,0.008131,-9.804255,-0.000053,-0.000265,0.000300,29.164644,-1.793107,-8.730786,
0:01:14.661	0.033190,0.008131,-9.832865,-0.000586,0.000933,0.000166,29.963773,-0.122338,-6.950283,
0:01:14.891	0.028384,0.008131,-9.804255,0.000613,0.000134,0.000566,31.721847,-1.050543,-9.522122,
0:01:15.110	0.033190,0.012932,-9.842401,0.000613,0.000001,0.000965,30.283422,-1.978749,-7.345951,
0:01:15.329	0.023577,0.008131,-9.866242,0.000080,-0.000931,0.000033,30.603071,-0.122338,-7.345951,
0:01:15.548	0.013965,-0.006273,-9.832865,0.000213,0.000401,-0.000499,30.283422,-0.493620,-8.532953,
0:01:15.766	0.013965,0.003329,-9.823328,0.000080,0.000534,-0.000100,29.004819,-1.607466,-8.928621,
0:01:15.985	0.018771,-0.011074,-9.851938,-0.000053,0.000134,-0.000100,30.762895,-0.307979,-7.543784,
0:01:16.204	0.028384,0.003329,-9.837633,0.000346,0.000001,-0.000233,30.603071,-1.236184,-8.928621,
0:01:16.421	0.018771,0.008131,-9.832865,-0.000053,-0.000132,0.000300,29.484300,0.063303,-8.335121,
0:01:16.631	0.028384,-0.001472,-9.851938,0.000346,-0.000398,-0.000100,30.283422,-0.864902,-9.324287,
0:01:16.741	0.023577,0.003329,-9.823328,0.000879,0.000134,0.000433,30.762895,-1.793107,-7.543784,
0:01:16.959	0.013965,-0.006273,-9.818560,0.000479,-0.000398,0.000699,30.283422,-0.493620,-8.532953,
0:01:17.187	0.028384,-0.001472,-9.832865,0.000346,-0.000664,0.001365,29.484300,-0.679261,-9.126454,
0:01:17.406	0.004352,0.012932,-9.851938,0.000613,0.000134,-0.000633,31.082544,-1.421825,-7.939452,
0:01:17.625	0.037996,0.012932,-9.842401,0.000080,-0.000265,-0.000499,29.164644,-0.679261,-7.939452,
0:01:17.835	0.028384,0.003329,-9.837633,-0.000053,0.000401,0.000033,29.963773,-0.493620,-9.324287,
0:01:18.054	0.023577,0.012932,-9.847169,-0.000320,0.000667,-0.000100,31.242368,-0.122338,-8.532953,
0:01:18.273	0.037996,0.012932,-9.842401,0.000346,0.000268,-0.000366,30.283422,0.248944,-9.324287,
0:01:18.500	0.018771,0.012932,-9.832865,0.000879,0.000134,-0.000766,29.164644,-0.307979,-9.126454,
0:01:18.718	0.023577,-0.011074,-9.818560,0.000213,0.000268,0.000965,29.644124,-1.607466,-8.137285,
0:01:18.826	0.018771,-0.001472,-9.818560,-0.000186,0.000268,0.000033,30.443246,-1.421825,-8.335121,
0:01:19.041	0.033190,-0.001472,-9.823328,0.000080,0.000268,-0.000499,29.644124,-1.236184,-8.532953,
0:01:19.259	0.033190,-0.001472,-9.851938,-0.000586,-0.000265,0.001631,30.762895,-2.535671,-9.126454,
0:01:19.478	0.033190,-0.001472,-9.823328,-0.000186,0.000534,0.000033,30.762895,0.434585,-6.752450,
0:01:19.701	0.033190,0.003329,-9.828096,0.000213,0.000268,0.001099,31.082544,-1.050543,-8.335121,
0:01:19.918	0.028384,-0.006273,-9.842401,-0.000053,-0.000798,-0.000366,30.603071,-1.978749,-6.158950,
0:01:20.130	0.009158,0.008131,-9.847169,0.001145,0.000001,0.000699,29.484300,0.063303,-7.939452,
0:01:20.349	0.018771,-0.015876,-9.823328,0.000479,0.000268,-0.000499,29.803949,-0.307979,-9.126454,
0:01:20.566	0.004352,-0.001472,-9.837633,0.000746,0.000401,0.000699,29.963773,-0.864902,-6.554617,
0:01:20.792	0.037996,-0.006273,-9.837633,0.000479,0.000268,0.000300,31.082544,-0.307979,-7.939452,
0:01:21.011	0.018771,-0.006273,-9.832865,0.000213,0.000268,0.000433,31.242368,-1.236184,-8.532953,
0:01:21.230	0.018771,0.003329,-9.837633,0.000879,0.000001,-0.000100,31.082544,-1.793107,-8.730786,
0:01:21.346	0.018771,-0.006273,-9.828096,-0.000453,-0.000132,0.000166,30.762895,-1.793107,-7.543784,
0:01:21.565	0.013965,-0.006273,-9.828096,0.000213,-0.000265,0.000300,29.324476,-1.607466,-8.928621,
0:01:21.784	0.033190,-0.006273,-9.856706,-0.000186,-0.000531,-0.000633,30.123598,-1.050543,-8.335121,
0:01:21.994	0.018771,0.003329,-9.804255,0.000879,-0.000398,-0.000366,30.922719,-0.864902,-8.532953,
0:01:22.213	0.028384,-0.006273,-9.837633,0.001145,0.000001,0.000566,30.762895,-0.679261,-9.522122,
0:01:22.432	0.037996,-0.006273,-9.851938,-0.000186,0.000534,0.000433,29.484300,-1.793107,-9.126454,
0:01:22.657	0.023577,0.008131,-9.842401,0.000613,-0.001330,0.000300,29.963773,-0.493620,-7.345951,
0:01:22.876	0.023577,-0.001472,-9.818560,0.000479,-0.000398,0.000300,29.963773,-0.864902,-8.928621,
0:01:23.095	0.013965,-0.006273,-9.847169,0.000080,0.000667,0.000566,29.004819,-1.236184,-8.532953,
0:01:23.305	0.033190,0.003329,-9.823328,0.000746,0.000800,0.000832,29.803949,-1.050543,-7.939452,
0:01:23.524	0.023577,-0.001472,-9.847169,0.000213,0.000534,-0.000366,29.324476,-0.864902,-7.741619,
0:01:23.750	0.052415,0.003329,-9.847169,0.000346,-0.000664,-0.000633,30.283422,-1.607466,-7.741619,
0:01:23.857	0.018771,-0.011074,-9.837633,0.000479,0.000401,-0.000233,30.603071,0.248944,-5.763282,
0:01:24.078	0.033190,-0.011074,-9.832865,-0.000053,-0.000664,0.000033,30.123598,-2.164389,-8.730786,
0:01:24.300	0.018771,0.003329,-9.837633,0.000080,0.000268,-0.000366,30.443246,-1.421825,-8.730786,
0:01:24.506	0.023577,-0.001472,-9.828096,0.000479,0.000401,0.000433,29.164644,-0.307979,-8.335121,
0:01:24.725	0.028384,-0.006273,-9.823328,-0.000053,0.000134,-0.000100,30.603071,-0.122338,-8.928621,
0:01:24.948	0.018771,0.003329,-9.842401,0.000080,0.000134,0.000166,30.762895,-1.421825,-8.335121,
0:01:25.167	0.023577,-0.001472,-9.828096,-0.000320,0.000268,0.000566,30.922719,0.248944,-9.324287,
0:01:25.387	0.033190,-0.006273,-9.842401,0.000479,0.000933,-0.000766,30.603071,-0.122338,-9.324287,
0:01:25.612	0.028384,0.008131,-9.832865,0.000746,-0.000132,-0.000366,29.484300,-0.307979,-7.543784,
0:01:25.830	0.023577,-0.006273,-9.828096,0.000613,0.000268,0.000300,30.123598,0.063303,-9.522122,
0:01:26.047	0.023577,0.008131,-9.832865,-0.000186,0.000001,0.000033,29.963773,0.248944,-8.928621,
0:01:26.256	0.018771,-0.006273,-9.851938,0.000346,0.000001,0.000699,30.762895,-0.307979,-6.752450,
0:01:26.365	0.028384,-0.001472,-9.842401,-0.000186,-0.000398,0.000566,30.123598,-0.307979,-8.730786,
0:01:26.586	0.023577,0.012932,-9.837633,0.000479,-0.000265,-0.000100,30.123598,-0.307979,-8.335121,
0:01:26.812	0.028384,0.003329,-9.847169,0.000346,0.000800,0.000433,30.762895,-0.307979,-9.126454,
0:01:27.030	0.028384,0.003329,-9.832865,0.000613,-0.000265,-0.001165,30.603071,-1.236184,-7.741619,
0:01:27.249	0.023577,-0.011074,-9.842401,0.000080,0.000001,-0.000766,29.803949,0.434585,-10.313455,
0:01:27.459	0.013965,0.003329,-9.847169,0.000213,0.000001,0.001099,30.283422,-1.607466,-7.741619,
0:01:27.678	0.023577,-0.001472,-9.842401,0.000613,0.000534,0.000300,30.762895,-1.050543,-5.961117,
0:01:27.896	0.037996,0.008131,-9.818560,0.000479,0.000134,-0.000233,31.721847,-0.307979,-7.939452,
0:01:28.122	0.018771,0.008131,-9.818560,0.000080,-0.000398,0.000166,29.803949,-0.679261,-7.939452,
0:01:28.341	0.018771,0.003329,-9.823328,-0.000186,0.000401,-0.000366,30.603071,-2.350030,-7.345951,
0:01:28.563	0.018771,-0.011074,-9.837633,0.001145,-0.000798,0.000699,30.123598,-0.307979,-9.917787,
0:01:28.673	0.013965,-0.006273,-9.837633,0.000080,-0.000531,0.000033,30.762895,-2.164389,-9.126454,
0:01:28.894	0.028384,0.008131,-9.842401,-0.000186,-0.000132,0.000166,30.762895,-1.793107,-7.939452,
0:01:29.112	0.023577,-0.001472,-9.823328,0.000346,-0.000132,-0.000766,30.443246,-1.421825,-6.752450,
0:01:29.321	0.009158,-0.001472,-9.842401,0.000346,-0.000265,-0.000233,30.123598,-1.050543,-8.335121,
0:01:29.542	0.023577,-0.006273,-9.828096,0.000479,0.000268,0.000300,30.443246,-0.679261,-9.126454,
0:01:29.766	0.013965,0.003329,-9.809023,0.000213,-0.000398,0.000433,29.803949,-1.050543,-8.730786,
0:01:29.985	0.018771,-0.006273,-9.837633,0.000080,0.000268,0.000965,30.283422,0.248944,-7.741619,
0:01:30.204	0.018771,0.003329,-9.851938,0.000080,0.000001,0.000433,30.762895,-2.164389,-7.148118,
0:01:30.413	0.023577,0.003329,-9.851938,0.000346,-0.000132,-0.000100,29.164644,-0.679261,-8.335121,
0:01:30.632	0.033190,0.003329,-9.813792,0.000080,0.000134,-0.000100,30.283422,-0.122338,-8.532953,
0:01:30.850	0.013965,-0.001472,-9.842401,0.000479,-0.000664,0.000300,28.525346,-0.307979,-7.543784,
0:01:30.963	0.028384,0.003329,-9.847169,-0.000852,0.000134,0.000433,29.164644,-0.307979,-7.148118,
0:01:31.186	0.013965,0.003329,-9.842401,-0.000453,-0.000664,-0.000100,29.644124,-0.122338,-8.137285,
0:01:31.404	0.033190,0.003329,-9.818560,0.000346,0.000534,0.000166,31.082544,-0.679261,-9.126454,
0:01:31.627	0.023577,-0.015876,-9.837633,0.000346,-0.000531,0.000699,30.283422,0.248944,-9.324287,
0:01:31.845	0.023577,0.003329,-9.842401,0.000346,0.000534,0.000300,30.123598,-1.050543,-7.543784,
0:01:32.066	0.037996,-0.006273,-9.828096,0.001411,-0.000132,0.000832,29.644124,-2.721313,-8.137285,
0:01:32.274	0.023577,-0.001472,-9.828096,0.000479,0.000667,0.000166,30.762895,-1.793107,-6.356782,
0:01:32.492	0.018771,-0.011074,-9.818560,0.000346,0.000268,0.000166,28.525346,-1.793107,-8.335121,
0:01:32.712	0.023577,0.008131,-9.832865,0.000879,0.000134,-0.000100,30.283422,-0.493620,-7.345951,
0:01:32.937	0.033190,-0.001472,-9.823328,0.000346,-0.000798,-0.000499,29.484300,0.063303,-7.148118,
0:01:33.155	0.013965,0.008131,-9.837633,0.000613,0.000534,-0.000233,31.242368,0.248944,-8.532953,
0:01:33.363	0.023577,0.008131,-9.851938,-0.000320,0.000001,-0.000233,29.963773,-0.122338,-7.741619,
0:01:33.582	0.033190,-0.001472,-9.828096,0.000479,-0.000664,0.000166,31.082544,-0.679261,-8.335121,
0:01:33.692	0.028384,0.003329,-9.847169,0.000213,-0.000664,0.000832,29.963773,0.620226,-8.137285,
0:01:33.911	0.037996,0.003329,-9.837633,0.000346,-0.000132,0.000433,30.283422,-1.607466,-9.324287,
0:01:34.137	0.018771,0.003329,-9.823328,0.000346,-0.000132,0.000166,30.603071,0.248944,-8.137285,
0:01:34.355	0.018771,-0.001472,-9.832865,0.000080,0.000268,0.000166,31.562023,-0.122338,-8.928621,
0:01:34.582	0.004352,-0.006273,-9.842401,-0.000586,-0.000398,0.000699,30.123598,-1.421825,-7.543784,
0:01:34.787	0.028384,0.003329,-9.847169,-0.000586,-0.001064,-0.000499,29.164644,-0.679261,-7.939452,
0:01:35.007	0.037996,-0.001472,-9.837633,0.000080,-0.000664,0.000300,30.283422,-1.978749,-6.950283,
0:01:35.228	0.013965,-0.011074,-9.847169,-0.000320,0.000001,0.000699,29.644124,-0.493620,-9.719955,
0:01:35.447	0.023577,0.012932,-9.828096,-0.000320,-0.000132,0.001099,29.484300,-2.164389,-7.148118,
0:01:35.673	0.028384,0.003329,-9.851938,0.000213,-0.000132,0.001099,30.443246,-1.050543,-7.939452,
0:01:35.781	0.023577,0.008131,-9.828096,-0.000453,-0.000398,0.001365,30.443246,-1.421825,-9.522122,
0:01:36.002	0.023577,0.008131,-9.847169,0.000213,-0.000531,-0.000499,30.123598,-1.793107,-8.730786,
0:01:36.216	0.013965,-0.011074,-9.832865,-0.000852,0.000134,0.000166,30.443246,-0.679261,-8.335121,
0:01:36.434	0.023577,0.003329,-9.842401,-0.000186,-0.000132,0.000433,30.443246,-0.679261,-6.752450,
0:01:36.653	0.033190,-0.001472,-9.842401,-0.000053,-0.000664,-0.000766,30.762895,-1.050543,-9.126454,
0:01:36.871	0.023577,-0.006273,-9.837633,0.000479,0.000667,0.001099,29.164644,-1.050543,-8.730786,
0:01:37.098	0.028384,0.012932,-9.813792,0.001145,0.000401,-0.001165,29.803949,-1.793107,-9.126454,
0:01:37.316	0.028384,0.003329,-9.832865,0.000346,0.000134,0.000566,29.963773,-0.122338,-7.741619,
0:01:37.535	0.033190,0.003329,-9.837633,0.000346,-0.000931,0.000965,29.484300,-0.307979,-7.543784,
0:01:37.746	0.018771,-0.015876,-9.842401,0.000346,-0.000531,0.000166,30.762895,-2.535671,-7.543784,
0:01:37.964	0.018771,-0.015876,-9.851938,0.000346,-0.000132,0.000566,31.082544,-2.535671,-8.730786,
0:01:38.177	0.013965,0.012932,-9.813792,-0.000053,0.001067,0.000832,30.603071,-1.236184,-8.928621,
0:01:38.291	0.023577,-0.015876,-9.828096,0.000213,-0.000531,0.000033,29.803949,-0.679261,-7.148118,
0:01:38.510	0.028384,-0.006273,-9.842401,-0.000586,0.000134,0.001631,30.443246,-0.307979,-9.522122,
0:01:38.738	0.018771,-0.011074,-9.828096,-0.000053,0.000001,-0.000366,30.443246,-0.307979,-9.126454,
0:01:38.951	0.028384,-0.001472,-9.828096,0.000479,0.000134,0.000300,29.484300,-0.679261,-9.126454,
0:01:39.168	0.018771,-0.011074,-9.837633,0.000746,-0.000531,0.000832,30.443246,0.063303,-7.939452,
0:01:39.383	0.013965,-0.001472,-9.823328,0.000746,0.000001,0.000699,28.844995,-2.164389,-9.522122,
0:01:39.610	0.013965,-0.001472,-9.856706,0.000080,0.000401,0.000566,30.603071,-0.122338,-7.345951,
0:01:39.829	0.013965,-0.011074,-9.832865,0.000346,0.000001,-0.000499,30.762895,-2.164389,-7.939452,
0:01:40.046	0.023577,-0.001472,-9.828096,0.000479,0.000001,-0.000100,30.603071,-0.864902,-9.324287,
0:01:40.269	0.018771,0.003329,-9.832865,0.000879,0.000134,-0.000366,30.443246,-0.679261,-9.126454,
0:01:40.482	0.023577,-0.011074,-9.828096,0.000346,0.000401,0.000566,28.844995,-1.793107,-8.335121,
0:01:40.594	0.028384,0.008131,-9.837633,0.000213,0.000001,-0.000499,30.443246,-1.793107,-9.917787,
0:01:40.801	0.018771,0.003329,-9.828096,0.001811,-0.000531,0.000033,30.123598,-2.535671,-9.126454,
0:01:41.021	0.023577,-0.015876,-9.823328,-0.000453,0.000401,-0.000499,29.484300,0.805867,-8.335121,
0:01:41.244	0.028384,-0.001472,-9.842401,0.000479,-0.000664,0.000433,30.123598,-1.050543,-7.543784,
0:01:41.462	0.009158,0.012932,-9.837633,-0.000719,0.000401,0.000033,30.123598,-0.679261,-6.752450,
0:01:41.689	0.023577,0.003329,-9.842401,0.000213,0.000667,-0.000233,30.762895,-0.307979,-9.126454,
0:01:41.907	0.023577,-0.001472,-9.823328,0.000080,0.000268,0.000433,30.443246,-0.679261,-8.335121,
0:01:42.125	0.023577,-0.020677,-9.809023,-0.000719,0.000134,0.000300,31.242368,-2.350030,-7.741619,
0:01:42.336	0.023577,0.003329,-9.823328,0.000879,-0.000931,0.000300,29.803949,1.548431,-8.335121,
0:01:42.554	0.018771,-0.001472,-9.832865,0.000479,-0.000265,-0.000100,32.041496,-0.679261,-7.543784,
0:01:42.773	0.018771,0.003329,-9.832865,-0.000186,0.000268,0.000033,30.283422,-1.607466,-9.324287,
0:01:43.000	0.033190,0.003329,-9.847169,0.000746,-0.000132,0.000566,29.803949,-0.307979,-8.335121,
0:01:43.108	0.018771,-0.001472,-9.832865,-0.000320,-0.000132,0.000300,29.484300,-2.164389,-7.543784,
0:01:43.328	0.023577,0.003329,-9.813792,-0.000586,0.000534,-0.000499,29.484300,-1.050543,-7.543784,
0:01:43.547	0.023577,-0.006273,-9.828096,0.000746,-0.000265,-0.001298,30.283422,-1.236184,-8.928621,
0:01:43.757	0.023577,0.008131,-9.837633,0.000213,0.000134,0.000566,28.844995,-1.793107,-7.939452,
0:01:43.975	0.033190,-0.001472,-9.842401,0.001278,0.000268,-0.000100,30.443246,-0.679261,-7.543784,
0:01:44.201	0.013965,0.003329,-9.842401,-0.000186,0.000134,0.000832,30.283422,-0.493620,-9.324287,
0:01:44.420	0.018771,-0.011074,-9.842401,-0.000719,0.000534,-0.000366,29.963773,-0.493620,-8.137285,
0:01:44.639	0.013965,0.008131,-9.823328,0.000479,0.000134,0.000166,30.123598,-0.679261,-9.126454,
0:01:44.849	0.033190,-0.006273,-9.847169,0.000213,0.000667,0.000300,30.922719,-0.493620,-7.345951,
0:01:45.070	0.042803,0.008131,-9.847169,0.000479,0.000001,0.000300,31.242368,-0.122338,-9.324287,
0:01:45.297	0.018771,-0.006273,-9.828096,0.000479,-0.000132,0.000433,30.283422,-1.236184,-8.928621,
0:01:45.511	0.033190,0.008131,-9.842401,0.000080,-0.000531,0.000433,29.004819,-0.864902,-8.137285,
0:01:45.621	0.028384,0.008131,-9.861474,-0.000985,-0.000265,0.000433,29.644124,-1.978749,-7.741619,
0:01:45.842	0.028384,-0.001472,-9.823328,-0.000053,0.000667,-0.000899,30.123598,-1.050543,-9.126454,
0:01:46.052	0.028384,0.003329,-9.856706,-0.000985,0.000001,0.000699,30.443246,-0.679261,-9.126454,
0:01:46.271	0.023577,0.003329,-9.832865,0.001145,-0.000398,0.000965,31.402198,-1.050543,-8.335121,
0:01:46.491	0.028384,-0.011074,-9.823328,0.000346,0.000001,0.000965,30.283422,-1.607466,-9.324287,
0:01:46.715	0.028384,0.017733,-9.871011,-0.000186,0.000667,0.000033,30.762895,-1.050543,-9.126454,
0:01:46.934	0.028384,-0.006273,-9.856706,-0.000053,0.000401,0.000832,29.803949,-1.421825,-9.126454,
0:01:47.152	0.033190,0.012932,-9.837633,-0.000453,0.000268,-0.000100,27.726224,-1.607466,-8.137285,
0:01:47.367	0.033190,0.008131,-9.818560,0.000479,-0.000798,0.000566,30.123598,-1.050543,-8.335121,
0:01:47.585	0.013965,0.003329,-9.842401,-0.000186,0.000001,0.000433,29.004819,-0.122338,-9.324287,
0:01:47.807	0.023577,-0.011074,-9.837633,-0.000320,-0.000398,-0.000233,30.603071,0.248944,-6.950283,
0:01:47.914	0.037996,0.008131,-9.818560,-0.000186,-0.000931,0.001099,29.004819,-0.493620,-7.345951,
0:01:48.135	0.028384,0.003329,-9.837633,0.000346,0.000401,0.000699,28.844995,-1.050543,-9.126454,
0:01:48.354	0.013965,-0.006273,-9.809023,0.000346,0.000001,0.000832,30.283422,-1.236184,-7.345951,
0:01:48.580	0.013965,-0.001472,-9.842401,0.000080,0.000001,-0.000499,29.644124,1.362790,-7.741619,
0:01:48.798	0.028384,-0.006273,-9.851938,-0.000186,0.000534,0.000166,29.484300,-1.793107,-7.148118,
0:01:49.007	0.028384,-0.001472,-9.856706,-0.000320,0.000268,0.000566,29.644124,-0.122338,-8.532953,
0:01:49.227	0.023577,0.003329,-9.837633,0.000613,-0.001330,0.000166,30.603071,-0.864902,-8.532953,
0:01:49.454	0.023577,-0.006273,-9.856706,-0.000586,0.000667,-0.000100,29.803949,-1.421825,-8.335121,
0:01:49.687	0.028384,-0.006273,-9.823328,0.000879,0.000001,-0.000100,30.603071,0.248944,-6.950283,
0:01:49.904	0.028384,0.003329,-9.851938,-0.000053,-0.000265,0.000699,30.443246,-0.307979,-8.335121,
0:01:50.012	0.023577,0.008131,-9.842401,-0.000719,-0.000798,0.000033,30.603071,-0.493620,-8.532953,
0:01:50.232	0.033190,0.008131,-9.818560,0.000080,-0.000132,-0.000366,29.484300,-0.307979,-8.730786,
0:01:50.453	0.028384,0.008131,-9.832865,0.000080,0.000534,0.000300,30.123598,-0.307979,-8.335121,
0:01:50.664	0.018771,-0.015876,-9.823328,-0.000586,0.000001,0.001099,29.803949,-0.679261,-8.730786,
0:01:50.888	0.018771,0.012932,-9.832865,-0.000453,0.000134,0.000433,30.123598,-0.307979,-6.356782,
0:01:51.107	0.028384,0.003329,-9.837633,0.000746,-0.000265,0.000699,30.123598,-1.421825,-7.939452,
0:01:51.326	0.013965,0.008131,-9.823328,0.000479,-0.000132,0.000699,29.963773,-0.122338,-9.719955,
0:01:51.551	0.023577,0.008131,-9.842401,-0.000852,-0.000531,-0.000899,29.963773,-1.236184,-7.345951,
0:01:51.770	0.023577,-0.015876,-9.818560,0.000613,0.000401,0.000433,30.283422,-1.607466,-9.324287,
0:01:51.979	0.023577,0.008131,-9.837633,0.000080,0.000268,0.000300,29.644124,-1.236184,-8.532953,
0:01:52.198	0.023577,0.008131,-9.832865,-0.000985,0.000534,0.000699,29.324476,-1.236184,-6.950283,
0:01:52.415	0.018771,-0.006273,-9.842401,0.000479,0.000001,0.000566,29.803949,-1.421825,-6.752450,
0:01:52.524	0.023577,-0.001472,-9.832865,0.000080,0.000401,0.000033,30.922719,-0.864902,-8.532953,
0:01:52.747	0.018771,-0.001472,-9.856706,0.000080,0.000667,-0.000100,30.123598,-1.421825,-8.335121,
0:01:52.964	0.028384,0.003329,-9.823328,0.000346,-0.000664,-0.000100,30.443246,0.063303,-9.126454,
0:01:53.180	0.018771,-0.006273,-9.851938,0.000346,0.000001,0.000033,30.123598,-0.679261,-9.522122,
0:01:53.396	0.028384,-0.015876,-9.828096,0.000346,-0.000531,0.001099,29.644124,-0.493620,-8.137285,
0:01:53.633	0.023577,-0.006273,-9.828096,0.000613,-0.000265,0.000433,29.803949,-0.679261,-8.335121,
0:01:53.877	0.028384,0.017733,-9.837633,-0.000320,0.000268,-0.000633,30.283422,-0.493620,-9.324287,
0:01:53.984	0.018771,-0.011074,-9.875779,0.000879,-0.000132,0.001232,31.881671,-0.122338,-7.741619,
0:01:54.205	0.023577,0.008131,-9.823328,-0.000320,0.000001,0.000699,30.603071,-0.493620,-8.137285,
0:01:54.417	0.023577,-0.001472,-9.856706,-0.000453,-0.000398,-0.000233,29.963773,-1.236184,-6.950283,
0:01:54.643	0.028384,-0.011074,-9.861474,0.000479,0.000401,0.000965,31.402198,-1.421825,-7.148118,
0:01:54.860	0.028384,-0.006273,-9.828096,0.000879,-0.000398,0.000033,29.484300,-1.050543,-7.148118,
0:01:55.081	0.023577,-0.011074,-9.828096,-0.000186,0.000667,0.000300,30.443246,-1.793107,-7.543784,
0:01:55.299	0.023577,0.003329,-9.847169,0.000746,-0.000398,0.000166,30.123598,0.063303,-8.335121,
0:01:55.516	0.028384,-0.006273,-9.809023,-0.000320,-0.000531,-0.001165,30.443246,-0.307979,-10.313455,
0:01:55.728	0.013965,-0.001472,-9.842401,0.001145,-0.000798,0.000699,30.762895,-0.679261,-6.752450,
0:01:55.948	0.028384,0.012932,-9.828096,-0.000053,-0.000531,0.000433,29.644124,-0.122338,-9.324287,
0:01:56.166	0.009158,0.003329,-9.832865,0.000746,-0.000398,-0.000233,29.644124,-0.493620,-8.532953,
0:01:56.388	0.033190,-0.011074,-9.832865,0.000346,0.000134,0.000433,31.082544,-1.421825,-8.335121,
0:01:56.495	0.042803,0.008131,-9.856706,0.000213,-0.000664,-0.000366,30.443246,0.434585,-8.730786,
0:01:56.716	0.033190,-0.001472,-9.832865,-0.000320,0.000534,0.000300,30.762895,-1.050543,-8.335121,
0:01:56.935	0.009158,0.003329,-9.832865,0.000213,-0.000398,0.000433,29.324476,-1.236184,-8.928621,
0:01:57.153	0.018771,0.008131,-9.851938,0.000746,0.000401,0.000566,31.082544,-1.050543,-7.148118,
0:01:57.371	0.028384,-0.006273,-9.828096,0.000346,-0.000398,-0.000499,29.484300,-2.164389,-7.939452,
0:01:57.584	0.028384,0.017733,-9.823328,0.000613,-0.000132,0.000300,30.123598,-1.421825,-9.917787,
0:01:57.803	0.009158,0.017733,-9.837633,0.000346,-0.000398,0.000300,30.283422,0.620226,-8.137285,
0:01:58.023	0.018771,0.008131,-9.818560,-0.000053,0.000134,-0.000366,30.443246,-1.793107,-9.126454,
0:01:58.254	0.023577,0.003329,-9.837633,0.000080,0.000001,0.000699,30.922719,-1.607466,-7.345951,
0:01:58.472	0.018771,-0.011074,-9.837633,0.000080,-0.000132,-0.000366,29.963773,-1.236184,-7.741619,
0:01:58.680	0.013965,0.012932,-9.861474,0.001678,0.000534,-0.000766,28.685171,-0.493620,-7.741619,
0:01:58.899	0.018771,0.003329,-9.837633,0.000346,0.000268,-0.001032,29.324476,-1.236184,-8.532953,
0:01:59.007	0.028384,-0.006273,-9.837633,0.000213,0.000001,0.000300,29.803949,-1.050543,-9.917787,
0:01:59.229	0.018771,0.003329,-9.818560,-0.000453,0.000401,-0.000233,29.963773,-1.978749,-7.741619,
0:01:59.453	0.028384,-0.006273,-9.818560,0.000879,-0.000398,-0.000499,29.484300,-1.050543,-7.939452,
0:01:59.672	0.023577,-0.001472,-9.828096,0.001145,0.000401,0.000566,30.603071,-1.236184,-7.345951,
0:01:59.891	0.018771,-0.001472,-9.837633,-0.000053,-0.000664,-0.000100,28.525346,0.434585,-7.543784,
0:02:00.109	0.018771,-0.001472,-9.851938,0.000213,-0.000531,0.000300,31.721847,-0.679261,-9.522122,
0:02:00.328	0.013965,-0.001472,-9.842401,0.001012,0.000933,-0.000633,29.963773,-0.493620,-8.928621,
0:02:00.540	0.028384,-0.006273,-9.856706,0.000213,-0.000931,0.000566,30.443246,-0.679261,-8.730786,
0:02:00.759	0.023577,0.003329,-9.818560,0.000879,0.000268,0.000433,29.484300,-1.050543,-9.126454,
0:02:00.978	0.018771,0.003329,-9.813792,-0.000985,0.000001,-0.000233,31.402198,-0.679261,-7.543784,
0:02:01.204	0.033190,-0.011074,-9.861474,-0.000719,0.000401,-0.000100,30.762895,-1.050543,-9.917787,
0:02:01.312	0.028384,-0.011074,-9.832865,0.000613,0.000800,-0.001032,30.123598,-0.679261,-9.126454,
0:02:01.532	0.023577,-0.001472,-9.842401,0.000213,-0.000265,0.000300,30.283422,-0.122338,-8.137285,
0:02:01.742	0.028384,-0.001472,-9.823328,0.000213,0.000134,-0.000233,30.443246,-0.679261,-7.939452,
0:02:01.961	0.037996,-0.001472,-9.832865,0.000080,0.000401,0.000166,29.803949,-0.679261,-7.939452,
0:02:02.180	0.023577,-0.006273,-9.809023,-0.000053,-0.000132,-0.001032,30.603071,-0.864902,-9.324287,
0:02:02.405	0.018771,-0.011074,-9.837633,0.000213,0.000268,-0.000100,30.762895,-1.793107,-7.939452,
0:02:02.663	0.028384,-0.001472,-9.851938,0.000746,-0.000398,-0.000766,30.283422,-0.864902,-9.719955,
0:02:02.877	0.023577,-0.001472,-9.842401,-0.000186,0.000001,0.000166,30.443246,-1.050543,-8.335121,
0:02:03.086	0.009158,0.008131,-9.842401,0.001012,0.000001,0.000566,29.484300,-2.164389,-8.335121,
0:02:03.193	0.018771,0.003329,-9.842401,0.000080,-0.000531,-0.000233,30.603071,-0.864902,-7.741619,
0:02:03.414	0.013965,-0.001472,-9.818560,0.000213,-0.000132,-0.000499,30.762895,-0.307979,-8.335121,
0:02:03.639	0.023577,-0.001472,-9.847169,-0.000453,0.000268,0.000433,30.283422,-1.607466,-6.554617,
0:02:03.858	0.023577,0.003329,-9.823328,0.000879,-0.000398,0.000033,29.484300,-0.307979,-9.522122,
0:02:04.076	0.013965,-0.001472,-9.837633,0.000479,0.001067,-0.000366,29.644124,-0.122338,-6.950283,
0:02:04.301	0.018771,0.012932,-9.847169,-0.000053,-0.000265,-0.000366,30.603071,-1.236184,-8.928621,
0:02:04.520	0.018771,-0.001472,-9.813792,0.000613,-0.000132,-0.000366,29.963773,0.620226,-9.324287,
0:02:04.730	0.023577,0.003329,-9.837633,-0.000186,0.000401,-0.000100,30.603071,-0.864902,-8.532953,
0:02:04.949	0.023577,-0.006273,-9.832865,0.001545,0.000134,0.000433,29.324476,-0.493620,-7.345951,
0:02:05.167	0.028384,0.008131,-9.847169,0.000213,0.000667,0.000300,29.484300,-2.164389,-8.335121,
0:02:06.023	0.023577,-0.001472,-9.842401,0.000213,0.000268,0.000832,30.762895,-0.307979,-7.939452,
0:02:06.023	0.042803,0.003329,-9.818560,0.000479,0.000134,0.000699,30.443246,-0.679261,-8.730786,
0:02:06.023	0.023577,0.003329,-9.828096,0.000213,-0.000398,0.000033,30.762895,-1.421825,-8.730786,
0:02:06.023	0.023577,-0.006273,-9.828096,0.000613,-0.000531,-0.000499,30.443246,-1.793107,-9.126454,
0:02:06.131	0.018771,-0.001472,-9.842401,0.001278,-0.000265,0.000166,31.082544,-1.050543,-8.730786,
0:02:06.355	0.047609,-0.001472,-9.809023,0.000746,0.000933,0.000166,31.082544,-1.050543,-8.335121,
0:02:06.576	0.028384,0.008131,-9.818560,0.000346,0.000401,0.000033,29.963773,-1.236184,-8.532953,
0:02:06.795	0.018771,-0.001472,-9.832865,0.000879,0.000534,-0.001165,29.803949,-1.050543,-8.335121,
0:02:07.013	0.042803,0.003329,-9.837633,-0.000053,-0.000531,0.000566,29.963773,-0.493620,-7.741619,
0:02:07.225	0.023577,0.008131,-9.823328,0.000879,0.000001,0.000566,30.603071,-1.607466,-8.928621,
0:02:07.443	0.013965,0.003329,-9.861474,-0.000053,0.000534,0.000166,29.644124,-1.607466,-8.532953,
0:02:07.661	0.013965,0.003329,-9.818560,-0.000320,0.000667,-0.000100,30.762895,0.434585,-6.752450,
0:02:07.885	0.023577,0.012932,-9.823328,-0.000453,0.000134,-0.000100,31.082544,0.063303,-7.939452,
0:02:08.105	0.004352,-0.006273,-9.837633,0.000613,0.000268,0.000300,29.484300,-2.164389,-7.939452,
0:02:08.326	0.028384,-0.001472,-9.842401,-0.000719,0.000800,0.000433,31.562023,-0.864902,-9.719955,
0:02:08.437	0.023577,0.012932,-9.851938,-0.000320,0.000001,-0.000233,30.283422,-0.493620,-8.928621,
0:02:08.658	0.018771,0.008131,-9.837633,-0.000186,0.000001,0.000433,30.603071,-0.864902,-8.532953,
0:02:08.875	0.037996,0.008131,-9.847169,-0.000186,0.000800,0.000832,29.324476,-0.493620,-8.928621,
0:02:09.086	0.018771,-0.001472,-9.847169,-0.000453,-0.000664,-0.000366,29.484300,-0.307979,-9.522122,
0:02:09.305	0.023577,-0.001472,-9.804255,0.001012,0.000667,-0.000100,30.762895,-1.050543,-7.939452,
0:02:09.530	0.023577,0.003329,-9.823328,-0.000985,0.000401,-0.000100,29.164644,-2.164389,-9.522122,
0:02:09.749	0.028384,-0.001472,-9.818560,0.000613,-0.000132,0.000832,29.644124,0.248944,-8.928621,
0:02:09.967	0.018771,0.003329,-9.851938,-0.000186,0.000401,0.000699,30.603071,-0.864902,-6.950283,
0:02:10.177	0.018771,0.003329,-9.809023,-0.000053,0.000268,0.000433,29.644124,-0.122338,-9.719955,
0:02:10.395	0.033190,-0.006273,-9.837633,-0.000320,0.001067,0.000033,29.324476,-0.493620,-7.345951,
0:02:10.614	0.013965,0.003329,-9.842401,0.000346,0.000667,0.000699,30.762895,0.434585,-6.752450,
0:02:10.728	0.018771,-0.015876,-9.851938,-0.000453,-0.000398,-0.000633,30.443246,-1.421825,-8.730786,
0:02:10.949	0.028384,-0.020677,-9.832865,0.000746,0.000534,-0.000499,30.603071,-0.493620,-7.741619,
0:02:11.167	0.023577,-0.006273,-9.832865,0.001145,0.000534,-0.000499,30.123598,0.805867,-7.543784,
0:02:11.392	0.028384,-0.011074,-9.842401,0.000479,-0.000265,0.000033,30.922719,-0.864902,-8.137285,
0:02:11.613	0.023577,0.003329,-9.832865,0.000213,0.000401,0.000433,30.922719,-0.864902,-7.345951,
0:02:11.832	0.042803,-0.006273,-9.828096,0.000080,0.000800,-0.000499,28.685171,-0.122338,-8.137285,
0:02:12.040	0.033190,-0.006273,-9.856706,-0.000053,-0.000398,0.000566,29.644124,-0.122338,-7.741619,
0:02:12.259	0.018771,0.003329,-9.818560,0.000080,0.000134,-0.000366,29.484300,-1.050543,-8.335121,
0:02:12.477	0.013965,0.003329,-9.818560,0.000479,0.000534,0.000433,31.881671,-2.350030,-7.741619,
0:02:12.702	0.023577,0.003329,-9.871011,0.000346,0.000001,-0.000766,30.283422,-1.236184,-7.345951,
0:02:12.921	0.018771,-0.001472,-9.818560,0.000213,0.000001,0.000965,29.803949,-1.050543,-10.313455,
0:02:13.029	0.028384,0.003329,-9.847169,0.000346,0.000268,0.001232,30.123598,-1.793107,-7.543784,
0:02:13.254	0.018771,-0.006273,-9.842401,0.000879,-0.000265,-0.000233,30.123598,-1.050543,-8.730786,
0:02:13.473	0.009158,0.008131,-9.837633,0.000213,0.000268,-0.000633,31.402198,0.063303,-8.335121,
0:02:13.697	0.028384,-0.001472,-9.828096,-0.000053,0.000134,0.000300,29.324476,-0.493620,-8.928621,
0:02:13.916	0.028384,-0.011074,-9.818560,0.000613,0.000401,0.000433,30.443246,-0.307979,-8.335121,
0:02:14.135	0.013965,-0.001472,-9.832865,-0.000320,-0.000265,-0.000499,30.123598,0.434585,-7.543784,
0:02:14.361	0.009158,-0.001472,-9.818560,0.000479,0.000534,0.000033,30.762895,0.063303,-8.335121,
0:02:14.580	0.033190,0.008131,-9.851938,0.000613,0.000268,-0.000499,30.922719,-1.236184,-6.554617,
0:02:14.798	0.004352,0.003329,-9.813792,-0.000586,-0.000798,0.000699,29.004819,-0.493620,-9.324287,
0:02:15.008	0.018771,-0.011074,-9.818560,0.000213,0.000134,0.000699,30.123598,-0.307979,-10.313455,
0:02:15.227	0.018771,0.008131,-9.823328,-0.000053,0.000401,0.000033,31.082544,-1.421825,-6.356782,
0:02:15.335	0.018771,0.003329,-9.832865,-0.000320,0.000134,0.000166,30.123598,-1.793107,-8.335121,
0:02:15.561	0.023577,0.003329,-9.828096,0.000213,0.000001,0.000433,30.283422,-1.978749,-8.928621,
0:02:15.779	0.013965,-0.001472,-9.842401,0.000613,0.000534,0.000300,30.603071,-2.721313,-8.137285,
0:02:15.998	0.028384,0.003329,-9.809023,0.000346,0.000667,0.000033,30.283422,-0.122338,-8.137285,
0:02:16.208	0.033190,-0.006273,-9.842401,0.000080,-0.000132,-0.000100,29.484300,-0.307979,-6.356782,
0:02:16.427	0.009158,-0.015876,-9.861474,0.000346,-0.000398,-0.000499,29.963773,-0.493620,-7.741619,
0:02:16.646	0.028384,0.003329,-9.818560,0.001411,0.000001,0.000166,30.283422,-1.607466,-8.928621,
0:02:16.876	0.013965,-0.001472,-9.842401,-0.000186,-0.000664,-0.000233,30.922719,0.248944,-7.345951,
0:02:17.093	0.023577,0.008131,-9.818560,0.000879,0.000800,-0.000100,29.484300,-1.793107,-8.730786,
0:02:17.314	0.023577,0.012932,-9.847169,0.000613,-0.000398,-0.000233,29.803949,-1.421825,-7.939452,
0:02:17.531	0.018771,0.003329,-9.847169,0.000479,-0.000798,0.000832,30.443246,-1.050543,-8.730786,
0:02:17.640	0.018771,-0.006273,-9.837633,0.000879,0.000800,-0.000100,30.762895,-1.050543,-8.335121,
0:02:17.861	0.013965,0.012932,-9.837633,0.000746,0.000001,0.000566,31.082544,-0.307979,-7.939452,
0:02:18.079	0.018771,-0.001472,-9.818560,0.000346,0.000268,0.000433,31.242368,-1.978749,-7.741619,
0:02:18.299	0.018771,-0.011074,-9.861474,-0.000186,0.000268,0.000300,29.644124,-1.978749,-9.324287,
0:02:18.509	0.013965,-0.006273,-9.847169,0.000613,-0.000531,-0.000499,29.484300,-1.050543,-8.730786,
0:02:18.728	0.013965,-0.001472,-9.813792,0.000213,0.001067,-0.000366,29.803949,-1.793107,-9.522122,
0:02:18.947	0.018771,0.003329,-9.823328,0.000346,0.000401,-0.000766,29.484300,0.805867,-6.752450,
0:02:19.172	0.028384,-0.001472,-9.847169,0.000346,-0.000398,-0.000366,29.803949,-0.307979,-8.335121,
0:02:19.390	0.023577,-0.001472,-9.828096,0.000479,0.000134,-0.001032,30.922719,0.248944,-8.928621,
0:02:19.610	0.028384,-0.015876,-9.832865,-0.000053,-0.000531,-0.000100,30.603071,-0.122338,-8.532953,
0:02:19.822	0.018771,0.008131,-9.837633,0.000879,-0.000664,-0.001165,30.603071,-0.864902,-8.137285,
0:02:20.040	0.028384,-0.001472,-9.847169,-0.000053,-0.000265,-0.000100,29.803949,-1.421825,-8.730786,
0:02:20.148	0.028384,0.003329,-9.842401,0.000346,0.000001,0.000033,29.803949,0.063303,-7.939452,
0:02:20.375	0.028384,-0.001472,-9.837633,0.000613,0.000268,-0.000499,29.644124,-0.493620,-8.137285,
0:02:20.592	0.018771,0.003329,-9.804255,0.000213,0.000667,-0.000100,28.844995,-0.679261,-8.730786,
0:02:20.811	0.018771,-0.011074,-9.828096,-0.000453,-0.000265,0.000300,29.803949,-0.679261,-8.730786,
0:02:21.023	0.037996,0.003329,-9.837633,0.000479,-0.000265,0.000566,30.123598,-1.421825,-7.939452,
0:02:21.242	0.033190,0.008131,-9.832865,0.000879,0.000401,-0.000766,30.922719,-0.122338,-8.928621,
0:02:21.461	0.018771,0.003329,-9.818560,0.000213,-0.000132,0.000033,30.283422,-1.607466,-8.532953,
0:02:21.829	0.037996,0.012932,-9.856706,-0.000186,-0.000265,-0.000100,29.644124,-1.978749,-8.928621,
0:02:21.829	0.009158,-0.001472,-9.832865,0.001278,0.000534,0.001232,30.443246,-0.307979,-7.148118,
0:02:22.047	0.023577,0.012932,-9.828096,0.001411,-0.000265,0.001099,30.123598,-0.679261,-7.148118,
0:02:22.257	0.018771,0.012932,-9.861474,0.000879,-0.000265,-0.000233,28.685171,-1.236184,-7.741619,
0:02:22.481	0.018771,0.003329,-9.813792,0.001012,-0.000398,0.001365,29.484300,-2.164389,-7.148118,
0:02:22.699	0.018771,0.012932,-9.847169,-0.000053,-0.000664,0.000033,29.963773,-0.122338,-8.137285,
0:02:22.922	0.013965,-0.011074,-9.837633,0.000213,0.000134,0.000166,30.123598,-0.679261,-9.522122,
0:02:23.138	0.013965,0.003329,-9.837633,0.000746,-0.000132,0.000033,30.123598,-0.679261,-9.522122,
0:02:23.350	0.023577,0.003329,-9.832865,-0.000719,0.000134,-0.000100,29.644124,-1.978749,-8.928621,
0:02:23.568	0.033190,-0.001472,-9.847169,-0.000053,0.000534,0.000166,30.123598,-0.679261,-8.730786,
0:02:23.787	0.042803,-0.006273,-9.847169,0.000080,0.000134,0.000300,30.922719,-1.236184,-8.137285,
0:02:24.012	0.033190,0.008131,-9.837633,0.000080,-0.000132,-0.000366,29.484300,0.434585,-7.543784,
0:02:24.119	0.023577,0.003329,-9.818560,-0.000320,0.000134,0.000033,30.123598,-1.421825,-7.543784,
0:02:24.340	0.018771,-0.001472,-9.842401,-0.000985,-0.000398,0.000699,30.283422,-1.236184,-8.532953,
0:02:24.564	0.023577,-0.001472,-9.842401,0.000080,0.000001,0.000566,30.283422,-0.864902,-8.928621,
0:02:24.784	0.018771,-0.011074,-9.828096,0.000746,-0.000132,-0.000100,29.644124,-0.493620,-8.928621,
0:02:25.002	0.018771,-0.001472,-9.828096,-0.000320,0.000800,0.000566,29.803949,-0.307979,-8.335121,
0:02:25.211	0.009158,0.003329,-9.828096,0.000879,-0.000132,0.000566,30.762895,0.063303,-8.335121,
0:02:25.429	0.023577,-0.001472,-9.828096,-0.000719,0.000667,0.000166,30.283422,-1.236184,-8.928621,
0:02:25.649	0.033190,-0.015876,-9.847169,0.000080,0.000534,-0.000233,29.803949,-1.050543,-8.730786,
0:02:25.874	0.023577,-0.006273,-9.837633,-0.000053,-0.000664,-0.000499,29.803949,-1.793107,-9.522122,
0:02:26.093	0.018771,-0.011074,-9.813792,0.000213,0.000001,0.000300,30.123598,-1.421825,-9.126454,
0:02:26.311	0.033190,0.003329,-9.818560,-0.000453,0.000268,0.000832,29.803949,-1.793107,-7.939452,
0:02:26.520	0.009158,0.003329,-9.842401,0.000080,-0.000265,0.000699,30.123598,-0.679261,-8.730786,
0:02:26.737	0.013965,0.017733,-9.842401,0.000479,-0.000398,0.000033,30.283422,-0.864902,-7.741619,
0:02:26.847	0.023577,-0.001472,-9.837633,0.000213,0.000534,-0.000633,31.721847,-1.793107,-8.335121,
0:02:27.074	0.033190,-0.006273,-9.818560,-0.000186,0.000134,0.000033,30.443246,-0.307979,-6.356782,
0:02:27.288	0.033190,-0.001472,-9.828096,0.000213,-0.000531,-0.000499,30.443246,-0.679261,-8.730786,
0:02:27.498	0.028384,0.003329,-9.832865,0.000213,0.000401,0.000166,31.402198,-2.164389,-8.730786,
0:02:27.722	0.023577,0.003329,-9.823328,-0.000453,0.000001,0.000566,29.484300,0.063303,-8.335121,
0:02:27.935	0.023577,-0.006273,-9.842401,0.001012,-0.000265,-0.000633,29.803949,-1.050543,-9.126454,
0:02:28.150	0.018771,0.008131,-9.847169,0.000346,0.000534,-0.000366,30.603071,-0.864902,-8.137285,
0:02:28.369	0.023577,0.008131,-9.842401,0.000213,0.000001,-0.000100,30.123598,0.063303,-8.335121,
0:02:28.587	0.018771,-0.006273,-9.837633,0.000879,-0.000265,-0.000633,30.762895,-2.164389,-8.730786,
0:02:28.811	0.009158,-0.001472,-9.856706,-0.000186,0.000933,0.000566,29.324476,-1.236184,-9.324287,
0:02:29.030	0.023577,-0.011074,-9.837633,0.000746,0.000001,0.000300,29.963773,-1.607466,-8.532953,
0:02:29.249	0.009158,0.008131,-9.828096,-0.000186,0.000268,0.000033,31.242368,-1.607466,-7.345951,
0:02:29.457	0.013965,0.012932,-9.847169,0.000080,-0.000265,-0.000633,29.644124,-1.236184,-7.741619,
0:02:29.566	0.033190,-0.001472,-9.851938,-0.000186,0.000534,-0.000633,29.644124,-0.122338,-8.137285,
0:02:29.787	0.028384,-0.006273,-9.823328,0.000080,-0.000531,-0.000499,31.242368,-1.236184,-8.928621,
0:02:30.021	0.009158,-0.001472,-9.851938,-0.000053,0.000667,0.000033,30.762895,-0.679261,-9.126454,
0:02:30.242	0.028384,-0.006273,-9.847169,0.000746,-0.000531,-0.000366,30.922719,-0.864902,-9.719955,
0:02:30.458	0.018771,-0.006273,-9.818560,-0.000453,-0.000132,0.000300,28.205698,-1.793107,-8.730786,
0:02:30.690	0.023577,0.017733,-9.851938,-0.000852,-0.000132,0.000300,29.963773,-1.978749,-8.137285,
